3682
1
4
7
9
11
12
14
15
16
17
18
23
24
27
33
35
36
37
38
42
43
44
46
47
48
49
51
52
56
59
60
64
65
67
68
71
72
73
76
79
80
81
85
87
91
92
93
95
97
98
100
101
104
105
106
108
111
114
118
121
122
123
124
125
127
128
131
132
134
135
137
138
139
141
142
143
144
145
146
147
148
149
150
151
154
155
158
159
160
161
162
164
165
166
167
168
170
171
172
177
178
179
184
186
190
191
192
195
197
200
202
203
204
205
207
216
218
219
220
221
222
225
228
229
230
231
234
235
236
237
238
246
248
249
251
253
254
255
256
257
258
260
264
265
267
268
270
271
273
274
275
276
277
281
285
286
287
289
292
295
296
297
300
301
303
306
307
308
310
316
319
322
325
326
329
330
332
333
334
336
339
341
342
344
345
347
348
349
350
351
357
359
360
361
363
364
366
367
369
371
372
374
376
378
379
380
383
384
386
387
388
389
391
394
399
400
404
405
406
409
410
411
412
413
416
419
421
422
423
427
429
432
433
434
437
438
440
445
447
448
449
451
452
453
454
457
462
468
469
471
475
479
480
481
482
483
484
486
487
488
489
490
492
494
495
496
500
501
502
503
506
508
512
513
514
515
516
518
521
522
524
525
527
533
535
536
538
540
542
551
553
555
558
559
560
561
562
565
569
571
572
576
582
583
585
586
589
591
592
593
594
595
596
599
600
601
602
605
607
610
611
613
617
618
625
628
630
631
632
635
636
638
642
643
647
650
651
652
653
654
655
657
658
659
661
663
669
674
675
679
683
684
685
687
699
700
702
705
708
712
713
715
716
718
720
722
723
724
725
727
731
732
733
735
739
741
742
743
745
747
748
749
750
752
755
756
758
762
763
764
765
767
768
771
772
773
780
785
787
788
792
794
795
796
797
798
799
800
802
803
804
805
807
808
811
812
813
814
815
816
819
820
826
829
830
832
833
836
837
840
843
846
847
848
850
853
854
855
857
861
868
869
870
871
872
873
874
876
877
878
879
881
882
886
890
892
893
896
897
899
902
904
906
908
910
911
914
916
917
918
919
923
924
928
929
931
932
933
935
936
937
938
939
940
942
943
946
948
949
956
959
960
961
962
963
964
965
966
967
968
970
971
972
974
975
979
980
982
984
985
988
992
993
998
999
1004
1008
1013
1015
1016
1021
1022
1023
1027
1030
1032
1039
1043
1045
1046
1047
1049
1050
1052
1053
1054
1056
1058
1060
1063
1064
1068
1069
1070
1071
1072
1075
1076
1080
1081
1082
1083
1093
1094
1095
1098
1100
1101
1102
1103
1104
1106
1109
1111
1115
1117
1118
1128
1131
1132
1133
1136
1137
1138
1139
1140
1143
1145
1148
1149
1150
1152
1154
1157
1158
1159
1162
1165
1167
1168
1171
1172
1173
1175
1177
1184
1186
1188
1193
1194
1195
1198
1199
1200
1202
1207
1209
1211
1213
1216
1218
1225
1226
1227
1229
1230
1232
1236
1243
1244
1245
1247
1248
1251
1252
1255
1257
1262
1263
1264
1266
1267
1269
1270
1275
1276
1278
1280
1281
1286
1287
1289
1290
1291
1292
1295
1296
1298
1301
1303
1304
1305
1306
1307
1308
1310
1311
1313
1316
1317
1318
1319
1320
1321
1322
1326
1329
1330
1331
1334
1340
1341
1345
1346
1347
1349
1350
1351
1352
1355
1356
1359
1363
1366
1368
1370
1371
1373
1378
1383
1385
1387
1388
1390
1393
1396
1398
1399
1401
1402
1403
1404
1405
1407
1408
1409
1410
1413
1414
1419
1420
1424
1426
1429
1430
1435
1436
1438
1439
1442
1446
1447
1450
1452
1454
1455
1457
1459
1461
1463
1464
1465
1466
1467
1468
1469
1470
1471
1472
1479
1480
1481
1483
1484
1485
1488
1490
1491
1498
1499
1501
1503
1504
1505
1506
1507
1510
1511
1514
1515
1516
1517
1518
1522
1523
1524
1525
1527
1528
1530
1532
1533
1534
1536
1537
1538
1539
1542
1543
1546
1549
1556
1564
1565
1569
1572
1576
1577
1580
1588
1595
1600
1602
1603
1604
1607
1608
1612
1613
1616
1617
1621
1622
1624
1625
1627
1628
1630
1634
1637
1639
1640
1641
1644
1646
1648
1652
1658
1659
1660
1661
1663
1667
1671
1672
1674
1675
1681
1682
1684
1685
1686
1687
1688
1690
1691
1693
1696
1697
1701
1704
1705
1707
1708
1711
1712
1713
1714
1715
1716
1717
1718
1719
1722
1726
1727
1730
1737
1738
1741
1742
1744
1745
1747
1750
1751
1752
1753
1755
1756
1759
1760
1762
1763
1764
1766
1767
1770
1774
1776
1784
1785
1786
1787
1788
1790
1791
1792
1793
1794
1795
1798
1799
1802
1803
1806
1807
1808
1810
1812
1813
1814
1816
1818
1822
1824
1828
1836
1837
1840
1841
1842
1843
1844
1847
1850
1851
1853
1854
1855
1857
1858
1859
1861
1863
1869
1870
1871
1873
1874
1875
1876
1877
1880
1881
1884
1885
1888
1889
1890
1891
1892
1893
1895
1896
1906
1907
1908
1909
1910
1913
1914
1915
1916
1917
1918
1920
1921
1925
1928
1930
1931
1933
1934
1935
1936
1937
1940
1942
1943
1945
1950
1951
1952
1954
1956
1959
1961
1962
1963
1964
1965
1967
1972
1973
1975
1976
1978
1979
1981
1986
1987
1988
1989
1990
1991
1992
1997
2000
2005
2006
2007
2008
2010
2011
2012
2013
2014
2015
2017
2018
2021
2024
2025
2032
2037
2038
2040
2042
2044
2045
2046
2047
2052
2056
2060
2065
2066
2070
2071
2073
2074
2076
2082
2083
2084
2085
2086
2088
2091
2092
2094
2095
2096
2097
2104
2110
2113
2114
2115
2121
2123
2124
2125
2126
2133
2139
2140
2141
2142
2147
2149
2151
2154
2155
2157
2160
2161
2163
2165
2166
2170
2171
2172
2173
2175
2176
2177
2180
2181
2182
2186
2187
2188
2189
2190
2194
2197
2201
2202
2205
2206
2207
2209
2210
2212
2215
2217
2219
2221
2223
2224
2225
2228
2229
2230
2231
2238
2241
2242
2243
2245
2248
2251
2253
2258
2259
2260
2261
2262
2264
2266
2275
2278
2279
2280
2281
2282
2283
2284
2285
2286
2290
2291
2292
2293
2295
2297
2298
2301
2302
2304
2305
2307
2308
2309
2311
2314
2315
2317
2318
2319
2322
2325
2328
2331
2332
2333
2336
2337
2338
2339
2341
2344
2346
2347
2348
2349
2351
2353
2356
2362
2363
2369
2370
2371
2375
2377
2379
2381
2385
2386
2387
2388
2391
2393
2395
2396
2397
2417
2420
2425
2426
2427
2432
2433
2434
2435
2436
2440
2444
2446
2448
2451
2452
2458
2459
2461
2464
2465
2466
2467
2470
2471
2472
2473
2474
2475
2477
2480
2481
2483
2486
2487
2492
2496
2501
2502
2505
2506
2508
2510
2517
2519
2520
2521
2525
2526
2527
2530
2531
2532
2533
2535
2536
2537
2538
2540
2542
2546
2547
2548
2552
2556
2557
2561
2563
2565
2569
2571
2572
2573
2574
2576
2577
2578
2580
2581
2583
2584
2587
2588
2595
2596
2598
2599
2600
2603
2604
2607
2609
2613
2614
2616
2619
2622
2623
2625
2626
2627
2628
2630
2631
2632
2634
2635
2639
2640
2642
2644
2645
2646
2649
2650
2652
2653
2654
2656
2659
2661
2662
2663
2665
2666
2668
2672
2674
2678
2679
2681
2682
2683
2688
2690
2691
2692
2694
2699
2702
2703
2704
2706
2707
2708
2709
2711
2712
2713
2714
2715
2717
2720
2721
2722
2724
2725
2731
2734
2738
2740
2742
2744
2747
2748
2749
2752
2753
2754
2755
2758
2759
2760
2761
2762
2764
2765
2768
2771
2775
2778
2779
2782
2791
2792
2793
2794
2796
2800
2802
2803
2804
2807
2809
2814
2816
2818
2819
2821
2822
2823
2825
2828
2832
2833
2834
2835
2836
2838
2840
2843
2844
2847
2848
2850
2851
2859
2864
2866
2867
2870
2871
2873
2874
2883
2885
2889
2891
2892
2894
2899
2901
2907
2909
2910
2913
2914
2915
2917
2919
2922
2923
2924
2925
2926
2930
2932
2933
2936
2939
2940
2943
2944
2946
2947
2950
2951
2953
2954
2960
2961
2963
2964
2965
2966
2973
2977
2979
2980
2981
2985
2987
2988
2990
2991
2992
2998
2999
3000
3003
3005
3007
3008
3009
3013
3015
3017
3018
3020
3023
3025
3027
3029
3031
3033
3035
3036
3037
3039
3040
3041
3042
3046
3047
3048
3050
3051
3054
3055
3056
3057
3058
3065
3070
3071
3074
3084
3086
3088
3089
3091
3095
3096
3097
3106
3107
3108
3111
3112
3114
3116
3118
3120
3124
3125
3126
3129
3131
3132
3133
3136
3137
3138
3139
3140
3141
3142
3143
3146
3148
3149
3151
3152
3154
3156
3157
3159
3160
3163
3165
3169
3172
3173
3178
3179
3181
3183
3184
3187
3189
3191
3192
3194
3195
3199
3200
3201
3203
3206
3207
3210
3212
3214
3216
3217
3222
3224
3227
3229
3230
3231
3232
3233
3235
3236
3237
3238
3239
3244
3245
3246
3249
3250
3251
3253
3256
3259
3260
3262
3264
3272
3273
3275
3276
3278
3282
3285
3286
3289
3290
3293
3294
3296
3298
3300
3301
3302
3304
3305
3306
3309
3311
3314
3317
3318
3322
3323
3329
3334
3335
3336
3338
3340
3341
3343
3344
3345
3347
3351
3353
3354
3356
3359
3360
3361
3362
3363
3364
3365
3366
3367
3368
3369
3371
3372
3377
3378
3379
3380
3382
3385
3388
3390
3391
3393
3396
3397
3398
3401
3402
3403
3404
3409
3412
3415
3418
3419
3422
3425
3426
3427
3428
3429
3431
3434
3438
3440
3441
3442
3447
3450
3453
3455
3458
3459
3462
3464
3465
3466
3468
3469
3470
3471
3472
3473
3475
3477
3479
3480
3484
3485
3486
3487
3488
3489
3492
3493
3494
3495
3496
3498
3499
3500
3501
3502
3505
3507
3508
3509
3511
3513
3519
3522
3525
3527
3528
3530
3531
3534
3535
3537
3538
3539
3544
3545
3548
3549
3550
3551
3552
3553
3554
3556
3558
3561
3562
3563
3564
3566
3568
3572
3574
3580
3583
3585
3586
3589
3594
3597
3598
3599
3600
3601
3602
3603
3605
3606
3608
3609
3611
3612
3614
3616
3619
3622
3626
3627
3629
3630
3632
3639
3641
3642
3643
3644
3645
3646
3650
3651
3652
3654
3655
3657
3659
3663
3664
3666
3668
3673
3678
3679
3680
3682
3683
3684
3686
3687
3688
3689
3690
3692
3695
3697
3698
3701
3702
3706
3708
3710
3713
3714
3715
3716
3718
3719
3720
3722
3723
3725
3726
3727
3728
3729
3730
3735
3739
3740
3743
3744
3745
3750
3751
3752
3753
3754
3757
3758
3759
3763
3765
3767
3769
3775
3776
3781
3784
3785
3788
3790
3791
3792
3794
3801
3804
3805
3807
3809
3812
3813
3814
3815
3816
3818
3824
3826
3827
3832
3834
3839
3841
3844
3845
3846
3848
3850
3854
3856
3861
3863
3865
3866
3868
3869
3870
3871
3872
3873
3876
3878
3880
3884
3886
3887
3890
3891
3896
3897
3899
3900
3902
3906
3910
3912
3914
3916
3917
3919
3921
3923
3924
3925
3929
3930
3931
3933
3934
3935
3936
3937
3939
3940
3942
3943
3944
3945
3948
3949
3950
3952
3955
3958
3959
3960
3963
3964
3966
3968
3972
3973
3976
3977
3979
3980
3987
3991
3992
3993
3994
3995
3996
3999
4000
4001
4002
4003
4006
4009
4010
4011
4013
4016
4017
4018
4020
4022
4024
4027
4028
4029
4030
4031
4032
4035
4037
4039
4040
4041
4042
4046
4048
4054
4055
4056
4057
4058
4061
4062
4064
4065
4068
4069
4070
4071
4074
4075
4077
4080
4081
4082
4083
4084
4086
4088
4089
4090
4094
4097
4098
4100
4101
4104
4105
4107
4108
4113
4117
4119
4120
4121
4124
4126
4127
4129
4131
4132
4133
4134
4135
4137
4138
4139
4140
4141
4142
4144
4145
4148
4149
4150
4152
4153
4155
4156
4161
4169
4170
4173
4175
4177
4179
4181
4182
4185
4186
4187
4190
4191
4194
4195
4197
4198
4200
4201
4202
4204
4209
4210
4212
4214
4215
4216
4217
4218
4220
4221
4223
4227
4235
4236
4243
4244
4245
4248
4254
4255
4256
4257
4259
4264
4265
4267
4269
4270
4271
4273
4274
4275
4277
4278
4279
4282
4283
4284
4285
4286
4287
4288
4289
4291
4295
4296
4297
4300
4303
4304
4313
4314
4315
4317
4318
4319
4321
4322
4327
4328
4329
4330
4332
4334
4335
4336
4338
4340
4341
4342
4343
4349
4351
4353
4354
4358
4359
4362
4364
4365
4371
4374
4376
4377
4378
4379
4381
4382
4383
4384
4387
4388
4392
4394
4396
4397
4402
4403
4404
4406
4407
4408
4411
4413
4414
4415
4416
4417
4419
4422
4425
4431
4433
4435
4436
4441
4443
4447
4448
4453
4454
4456
4459
4460
4466
4473
4474
4475
4477
4479
4480
4481
4485
4487
4490
4499
4501
4504
4506
4510
4511
4512
4515
4517
4519
4522
4525
4527
4528
4530
4532
4533
4534
4537
4539
4547
4548
4553
4555
4556
4557
4558
4560
4561
4562
4563
4565
4567
4568
4569
4573
4574
4576
4577
4578
4581
4582
4585
4586
4588
4590
4591
4596
4599
4602
4603
4604
4607
4609
4610
4611
4612
4614
4615
4616
4617
4621
4623
4625
4626
4629
4630
4631
4635
4637
4639
4641
4644
4645
4647
4648
4649
4652
4654
4656
4657
4658
4659
4661
4665
4668
4669
4670
4671
4673
4675
4677
4680
4682
4683
4686
4687
4690
4692
4693
4694
4697
4698
4699
4702
4704
4705
4706
4707
4708
4709
4712
4714
4715
4718
4720
4722
4725
4726
4728
4729
4730
4735
4736
4737
4738
4740
4742
4743
4744
4745
4746
4747
4752
4753
4754
4756
4757
4758
4759
4766
4769
4770
4772
4774
4775
4776
4779
4781
4784
4788
4791
4792
4796
4799
4801
4804
4806
4808
4809
4810
4819
4821
4823
4824
4825
4827
4828
4832
4833
4835
4836
4837
4838
4839
4840
4843
4850
4852
4855
4857
4858
4859
4860
4862
4863
4864
4866
4867
4872
4875
4876
4880
4883
4884
4885
4886
4891
4893
4894
4897
4898
4899
4906
4907
4908
4910
4914
4917
4919
4921
4922
4923
4924
4926
4927
4928
4929
4936
4941
4944
4945
4947
4950
4952
4954
4955
4956
4957
4960
4963
4964
4965
4968
4969
4971
4978
4981
4982
4983
4985
4987
4989
4991
4992
4993
4995
4998
4999
5002
5008
5009
5011
5012
5013
5015
5019
5023
5025
5027
5028
5039
5041
5043
5046
5047
5048
5053
5055
5056
5058
5060
5061
5062
5063
5064
5065
5067
5068
5069
5070
5071
5073
5074
5075
5077
5080
5081
5082
5083
5086
5088
5092
5093
5094
5096
5097
5098
5101
5102
5108
5110
5112
5113
5114
5116
5117
5118
5119
5123
5125
5132
5133
5134
5137
5138
5141
5143
5146
5147
5148
5149
5151
5153
5155
5158
5159
5163
5164
5166
5167
5168
5169
5170
5171
5174
5176
5177
5181
5182
5187
5191
5194
5195
5196
5200
5201
5203
5204
5205
5209
5210
5211
5213
5214
5215
5217
5220
5222
5226
5228
5229
5232
5234
5235
5236
5237
5238
5239
5240
5242
5244
5245
5246
5248
5249
5250
5253
5254
5256
5258
5260
5261
5262
5263
5264
5268
5270
5271
5272
5273
5275
5277
5278
5281
5282
5284
5287
5288
5294
5297
5298
5299
5302
5303
5308
5309
5311
5312
5313
5314
5316
5318
5320
5321
5322
5323
5325
5326
5328
5331
5334
5336
5337
5338
5339
5342
5343
5344
5348
5352
5353
5354
5355
5356
5357
5360
5362
5363
5364
5366
5369
5370
5373
5374
5375
5377
5378
5380
5382
5383
5384
5390
5391
5396
5400
5402
5403
5405
5412
5413
5414
5419
5428
5430
5431
5434
5436
5437
5444
5447
5448
5451
5452
5453
5454
5455
5457
5460
5462
5467
5468
5469
5471
5472
5473
5474
5475
5476
5482
5483
5484
5491
5495
5496
5497
5498
5501
5502
5503
5505
5506
5507
5508
5509
5510
5511
5512
5516
5517
5518
5520
5521
5522
5523
5525
5528
5532
5536
5538
5542
5543
5544
5545
5548
5549
5552
5553
5555
5557
5558
5561
5562
5565
5566
5568
5569
5571
5572
5573
5575
5579
5581
5582
5587
5592
5598
5603
5604
5608
5609
5612
5615
5617
5619
5620
5621
5623
5626
5633
5634
5635
5638
5640
5642
5645
5646
5649
5650
5651
5652
5653
5654
5656
5658
5661
5663
5666
5667
5668
5671
5674
5675
5676
5680
5681
5682
5685
5688
5691
5692
5693
5700
5702
5703
5704
5705
5706
5709
5712
5713
5714
5715
5717
5718
5719
5720
5721
5725
5726
5727
5728
5734
5737
5738
5739
5742
5743
5748
5750
5751
5752
5753
5754
5756
5758
5763
5770
5773
5774
5776
5780
5782
5785
5786
5787
5788
5790
5791
5792
5795
5796
5798
5807
5809
5810
5811
5812
5813
5814
5815
5816
5824
5827
5831
5833
5834
5837
5838
5839
5840
5841
5846
5848
5849
5852
5853
5855
5856
5857
5858
5859
5860
5861
5866
5868
5871
5872
5873
5874
5878
5882
5886
5891
5892
5893
5900
5905
5908
5909
5910
5911
5912
5913
5914
5915
5916
5920
5921
5922
5923
5925
5926
5927
5929
5932
5935
5938
5939
5944
5945
5949
5950
5952
5957
5959
5963
5965
5968
5971
5981
5983
5984
5985
5986
5987
5988
5991
5995
5997
5998
6000
6001
6003
6004
6007
6008
6010
6011
6012
6023
6024
6032
6033
6036
6038
6040
6041
6042
6045
6046
6047
6048
6049
6054
6059
6063
6064
6067
6068
6069
6070
6071
6072
6078
6079
6080
6081
6082
6083
6084
6088
6092
6100
6102
6104
6106
6108
6109
6111
6112
6116
6118
6119
6121
6122
6123
6127
6130
6133
6134
6136
6137
6138
6139
6141
6144
6145
6148
6153
6154
6160
6162
6165
6168
6172
6173
6174
6175
6176
6177
6179
6189
6190
6196
6202
6203
6204
6205
6207
6208
6210
6211
6212
6213
6217
6219
6220
6224
6225
6229
6232
6235
6236
6238
6239
6241
6245
6247
6248
6249
6250
6252
6253
6254
6255
6256
6260
6262
6263
6264
6265
6267
6268
6272
6276
6277
6279
6280
6281
6282
6286
6287
6288
6289
6290
6291
6293
6295
6296
6297
6298
6300
6307
6309
6312
6313
6314
6316
6318
6320
6323
6326
6327
6328
6330
6331
6334
6335
6339
6340
6343
6344
6345
6352
6358
6361
6362
6363
6364
6366
6367
6369
6374
6375
6376
6377
6380
6384
6385
6386
6387
6389
6390
6394
6395
6396
6400
6402
6403
6405
6407
6409
6410
6412
6413
6414
6415
6417
6418
6419
6420
6421
6422
6423
6424
6427
6428
6431
6432
6433
6436
6437
6438
6439
6441
6442
6443
6444
6446
6447
6449
6450
6452
6453
6456
6457
6459
6461
6463
6464
6465
6467
6469
6470
6473
6475
6476
6477
6478
6481
6482
6484
6488
6491
6492
6495
6496
6497
6498
6499
6500
6501
6503
6505
6507
6508
6511
6512
6513
6517
6523
6524
6528
6529
6533
6536
6542
6543
6544
6545
6546
6551
6555
6557
6559
6561
6562
6564
6565
6567
6569
6570
6571
6574
6577
6578
6580
6582
6583
6586
6587
6589
6590
6593
6595
6603
6604
6605
6608
6609
6610
6613
6614
6615
6616
6619
6623
6624
6625
6626
6627
6631
6633
6634
6635
6636
6637
6639
6640
6642
6643
6645
6649
6650
6651
6655
6658
6667
6668
6670
6673
6680
6681
6682
6684
6689
6691
6693
6696
6698
6700
6702
6703
6704
6708
6711
6712
6713
6714
6715
6716
6717
6718
6719
6721
6723
6724
6726
6728
6729
6730
6733
6736
6737
6738
6740
6741
6743
6744
6745
6747
6756
6757
6759
6760
6761
6762
6766
6768
6770
6771
6773
6775
6777
6779
6780
6781
6782
6785
6786
6788
6789
6790
6791
6792
6794
6800
6801
6803
6805
6809
6810
6811
6813
6814
6815
6818
6820
6823
6825
6826
6827
6828
6829
6832
6836
6838
6840
6841
6842
6844
6846
6847
6848
6849
6851
6852
6853
6854
6855
6856
6857
6858
6859
6862
6863
6865
6870
6872
6874
6876
6877
6883
6884
6886
6887
6889
6893
6895
6902
6904
6906
6907
6908
6910
6911
6912
6913
6915
6918
6922
6923
6924
6925
6926
6927
6928
6929
6932
6933
6937
6939
6943
6944
6946
6948
6950
6952
6953
6954
6956
6957
6958
6959
6960
6961
6962
6964
6969
6970
6971
6973
6974
6975
6978
6980
6984
6985
6989
6991
6993
6995
6997
6998
6999
7001
7006
7007
7008
7011
7012
7013
7014
7015
7016
7018
7019
7020
7022
7026
7029
7030
7031
7038
7041
7042
7043
7044
7046
7049
7052
7055
7056
7058
7061
7066
7070
7071
7078
7079
7083
7086
7087
7092
7094
7096
7098
7099
7100
7101
7102
7103
7105
7107
7109
7113
7114
7116
7118
7119
7120
7121
7122
7124
7125
7127
7128
7129
7130
7133
7134
7135
7136
7139
7141
7142
7146
7152
7156
7157
7160
7161
7162
7163
7164
7167
7168
7171
7174
7179
7180
7183
7184
7189
7192
7193
7195
7196
7197
7199
7200
7201
7202
7203
7204
7205
7206
7207
7210
7211
7213
7218
7221
7226
7227
7229
7234
7235
7236
7238
7239
7240
7242
7247
7248
7249
7252
7254
7255
7262
7263
7265
7268
7273
7274
7276
7279
7281
7284
7286
7287
7289
7292
7295
7296
7298
7301
7302
7306
7307
7312
7313
7314
7316
7317
7318
7319
7326
7328
7329
7331
7333
7334
7339
7341
7345
7347
7348
7350
7352
7353
7355
7356
7359
7360
7363
7364
7365
7366
7367
7368
7369
7373
7374
7375
7377
7379
7381
7385
7386
7389
7390
7391
7393
7394
7396
7397
7404
7406
7410
7412
7414
7415
7416
7419
7420
7421
7422
7429
7432
7434
7435
7439
7440
7443
7445
7446
7449
7451
7453
7455
7456
7457
7461
7462
7464
7468
7469
7472
7473
7475
7478
